0	1
0.001	1.001
0.002	1.002
0.003	1.00301
0.004	1.00402
0.005	1.00503
0.006	1.00605
0.007	1.00706
0.008	1.00808
0.009	1.00911
0.01	1.01014
0.011	1.01117
0.012	1.0122
0.013	1.01324
0.014	1.01427
0.015	1.01532
0.016	1.01636
0.017	1.01741
0.018	1.01846
0.019	1.01952
0.02	1.02058
0.021	1.02164
0.022	1.0227
0.023	1.02377
0.024	1.02484
0.025	1.02591
0.026	1.02699
0.027	1.02807
0.028	1.02915
0.029	1.03024
0.03	1.03133
0.031	1.03242
0.032	1.03351
0.033	1.03461
0.034	1.03571
0.035	1.03682
0.036	1.03793
0.037	1.03904
0.038	1.04015
0.039	1.04127
0.04	1.04239
0.041	1.04352
0.042	1.04464
0.043	1.04577
0.044	1.04691
0.045	1.04804
0.046	1.04918
0.047	1.05033
0.048	1.05147
0.049	1.05262
0.05	1.05378
0.051	1.05493
0.052	1.05609
0.053	1.05726
0.054	1.05842
0.055	1.05959
0.056	1.06077
0.057	1.06194
0.058	1.06312
0.059	1.0643
0.06	1.06549
0.061	1.06668
0.062	1.06787
0.063	1.06907
0.064	1.07027
0.065	1.07147
0.066	1.07268
0.067	1.07389
0.068	1.0751
0.069	1.07632
0.07	1.07753
0.071	1.07876
0.072	1.07998
0.073	1.08121
0.074	1.08245
0.075	1.08368
0.076	1.08492
0.077	1.08617
0.078	1.08741
0.079	1.08866
0.08	1.08992
0.081	1.09117
0.082	1.09244
0.083	1.0937
0.084	1.09497
0.085	1.09624
0.086	1.09751
0.087	1.09879
0.088	1.10007
0.089	1.10136
0.09	1.10264
0.091	1.10394
0.092	1.10523
0.093	1.10653
0.094	1.10783
0.095	1.10914
0.096	1.11045
0.097	1.11176
0.098	1.11308
0.099	1.1144
0.1	1.11572
0.101	1.11705
0.102	1.11838
0.103	1.11971
0.104	1.12105
0.105	1.12239
0.106	1.12374
0.107	1.12509
0.108	1.12644
0.109	1.1278
0.11	1.12916
0.111	1.13052
0.112	1.13189
0.113	1.13326
0.114	1.13463
0.115	1.13601
0.116	1.13739
0.117	1.13878
0.118	1.14017
0.119	1.14156
0.12	1.14296
0.121	1.14436
0.122	1.14576
0.123	1.14717
0.124	1.14858
0.125	1.14999
0.126	1.15141
0.127	1.15283
0.128	1.15426
0.129	1.15569
0.13	1.15712
0.131	1.15856
0.132	1.16
0.133	1.16145
0.134	1.1629
0.135	1.16435
0.136	1.16581
0.137	1.16727
0.138	1.16873
0.139	1.1702
0.14	1.17167
0.141	1.17315
0.142	1.17463
0.143	1.17611
0.144	1.1776
0.145	1.17909
0.146	1.18058
0.147	1.18208
0.148	1.18359
0.149	1.18509
0.15	1.1866
0.151	1.18812
0.152	1.18964
0.153	1.19116
0.154	1.19268
0.155	1.19421
0.156	1.19575
0.157	1.19729
0.158	1.19883
0.159	1.20038
0.16	1.20193
0.161	1.20348
0.162	1.20504
0.163	1.2066
0.164	1.20817
0.165	1.20974
0.166	1.21131
0.167	1.21289
0.168	1.21447
0.169	1.21606
0.17	1.21765
0.171	1.21924
0.172	1.22084
0.173	1.22245
0.174	1.22405
0.175	1.22566
0.176	1.22728
0.177	1.2289
0.178	1.23052
0.179	1.23215
0.18	1.23378
0.181	1.23542
0.182	1.23706
0.183	1.2387
0.184	1.24035
0.185	1.242
0.186	1.24366
0.187	1.24532
0.188	1.24698
0.189	1.24865
0.19	1.25033
0.191	1.25201
0.192	1.25369
0.193	1.25537
0.194	1.25707
0.195	1.25876
0.196	1.26046
0.197	1.26216
0.198	1.26387
0.199	1.26558
0.2	1.2673
0.201	1.26902
0.202	1.27075
0.203	1.27247
0.204	1.27421
0.205	1.27595
0.206	1.27769
0.207	1.27944
0.208	1.28119
0.209	1.28294
0.21	1.2847
0.211	1.28647
0.212	1.28824
0.213	1.29001
0.214	1.29179
0.215	1.29357
0.216	1.29536
0.217	1.29715
0.218	1.29894
0.219	1.30074
0.22	1.30255
0.221	1.30436
0.222	1.30617
0.223	1.30799
0.224	1.30981
0.225	1.31164
0.226	1.31347
0.227	1.31531
0.228	1.31715
0.229	1.31899
0.23	1.32084
0.231	1.3227
0.232	1.32456
0.233	1.32642
0.234	1.32829
0.235	1.33016
0.236	1.33204
0.237	1.33392
0.238	1.33581
0.239	1.3377
0.24	1.3396
0.241	1.3415
0.242	1.3434
0.243	1.34532
0.244	1.34723
0.245	1.34915
0.246	1.35107
0.247	1.353
0.248	1.35494
0.249	1.35688
0.25	1.35882
0.251	1.36077
0.252	1.36272
0.253	1.36468
0.254	1.36664
0.255	1.36861
0.256	1.37058
0.257	1.37256
0.258	1.37454
0.259	1.37653
0.26	1.37852
0.261	1.38052
0.262	1.38252
0.263	1.38453
0.264	1.38654
0.265	1.38856
0.266	1.39058
0.267	1.39261
0.268	1.39464
0.269	1.39667
0.27	1.39871
0.271	1.40076
0.272	1.40281
0.273	1.40487
0.274	1.40693
0.275	1.409
0.276	1.41107
0.277	1.41314
0.278	1.41523
0.279	1.41731
0.28	1.4194
0.281	1.4215
0.282	1.4236
0.283	1.42571
0.284	1.42782
0.285	1.42994
0.286	1.43206
0.287	1.43419
0.288	1.43632
0.289	1.43846
0.29	1.4406
0.291	1.44275
0.292	1.44491
0.293	1.44706
0.294	1.44923
0.295	1.4514
0.296	1.45357
0.297	1.45575
0.298	1.45794
0.299	1.46013
0.3	1.46232
0.301	1.46452
0.302	1.46673
0.303	1.46894
0.304	1.47116
0.305	1.47338
0.306	1.47561
0.307	1.47784
0.308	1.48008
0.309	1.48233
0.31	1.48457
0.311	1.48683
0.312	1.48909
0.313	1.49136
0.314	1.49363
0.315	1.4959
0.316	1.49819
0.317	1.50047
0.318	1.50277
0.319	1.50506
0.32	1.50737
0.321	1.50968
0.322	1.51199
0.323	1.51431
0.324	1.51664
0.325	1.51897
0.326	1.52131
0.327	1.52365
0.328	1.526
0.329	1.52836
0.33	1.53072
0.331	1.53308
0.332	1.53546
0.333	1.53783
0.334	1.54022
0.335	1.5426
0.336	1.545
0.337	1.5474
0.338	1.5498
0.339	1.55222
0.34	1.55463
0.341	1.55706
0.342	1.55949
0.343	1.56192
0.344	1.56436
0.345	1.56681
0.346	1.56926
0.347	1.57172
0.348	1.57418
0.349	1.57665
0.35	1.57913
0.351	1.58161
0.352	1.5841
0.353	1.58659
0.354	1.58909
0.355	1.5916
0.356	1.59411
0.357	1.59663
0.358	1.59915
0.359	1.60168
0.36	1.60422
0.361	1.60676
0.362	1.6093
0.363	1.61186
0.364	1.61442
0.365	1.61698
0.366	1.61956
0.367	1.62213
0.368	1.62472
0.369	1.62731
0.37	1.62991
0.371	1.63251
0.372	1.63512
0.373	1.63773
0.374	1.64036
0.375	1.64298
0.376	1.64562
0.377	1.64826
0.378	1.6509
0.379	1.65356
0.38	1.65622
0.381	1.65888
0.382	1.66155
0.383	1.66423
0.384	1.66692
0.385	1.66961
0.386	1.67231
0.387	1.67501
0.388	1.67772
0.389	1.68044
0.39	1.68316
0.391	1.68589
0.392	1.68863
0.393	1.69137
0.394	1.69412
0.395	1.69687
0.396	1.69963
0.397	1.7024
0.398	1.70518
0.399	1.70796
0.4	1.71075
0.401	1.71354
0.402	1.71635
0.403	1.71915
0.404	1.72197
0.405	1.72479
0.406	1.72762
0.407	1.73045
0.408	1.7333
0.409	1.73614
0.41	1.739
0.411	1.74186
0.412	1.74473
0.413	1.74761
0.414	1.75049
0.415	1.75338
0.416	1.75627
0.417	1.75918
0.418	1.76209
0.419	1.765
0.42	1.76793
0.421	1.77086
0.422	1.77379
0.423	1.77674
0.424	1.77969
0.425	1.78265
0.426	1.78561
0.427	1.78859
0.428	1.79156
0.429	1.79455
0.43	1.79754
0.431	1.80055
0.432	1.80355
0.433	1.80657
0.434	1.80959
0.435	1.81262
0.436	1.81565
0.437	1.8187
0.438	1.82175
0.439	1.82481
0.44	1.82787
0.441	1.83094
0.442	1.83402
0.443	1.83711
0.444	1.8402
0.445	1.8433
0.446	1.84641
0.447	1.84953
0.448	1.85265
0.449	1.85578
0.45	1.85892
0.451	1.86207
0.452	1.86522
0.453	1.86838
0.454	1.87155
0.455	1.87472
0.456	1.8779
0.457	1.88109
0.458	1.88429
0.459	1.8875
0.46	1.89071
0.461	1.89393
0.462	1.89716
0.463	1.90039
0.464	1.90364
0.465	1.90689
0.466	1.91015
0.467	1.91341
0.468	1.91669
0.469	1.91997
0.47	1.92326
0.471	1.92656
0.472	1.92986
0.473	1.93317
0.474	1.93649
0.475	1.93982
0.476	1.94316
0.477	1.9465
0.478	1.94986
0.479	1.95322
0.48	1.95658
0.481	1.95996
0.482	1.96334
0.483	1.96673
0.484	1.97013
0.485	1.97354
0.486	1.97696
0.487	1.98038
0.488	1.98381
0.489	1.98725
0.49	1.9907
0.491	1.99416
0.492	1.99762
0.493	2.00109
0.494	2.00457
0.495	2.00806
0.496	2.01156
0.497	2.01507
0.498	2.01858
0.499	2.0221
0.5	2.02563
0.501	2.02917
0.502	2.03272
0.503	2.03627
0.504	2.03983
0.505	2.04341
0.506	2.04699
0.507	2.05058
0.508	2.05417
0.509	2.05778
0.51	2.06139
0.511	2.06502
0.512	2.06865
0.513	2.07229
0.514	2.07594
0.515	2.07959
0.516	2.08326
0.517	2.08693
0.518	2.09061
0.519	2.09431
0.52	2.09801
0.521	2.10172
0.522	2.10543
0.523	2.10916
0.524	2.11289
0.525	2.11664
0.526	2.12039
0.527	2.12415
0.528	2.12792
0.529	2.1317
0.53	2.13549
0.531	2.13929
0.532	2.1431
0.533	2.14691
0.534	2.15073
0.535	2.15457
0.536	2.15841
0.537	2.16226
0.538	2.16612
0.539	2.16999
0.54	2.17387
0.541	2.17776
0.542	2.18165
0.543	2.18556
0.544	2.18948
0.545	2.1934
0.546	2.19733
0.547	2.20128
0.548	2.20523
0.549	2.20919
0.55	2.21316
0.551	2.21714
0.552	2.22113
0.553	2.22513
0.554	2.22914
0.555	2.23316
0.556	2.23719
0.557	2.24122
0.558	2.24527
0.559	2.24933
0.56	2.25339
0.561	2.25747
0.562	2.26155
0.563	2.26565
0.564	2.26975
0.565	2.27386
0.566	2.27799
0.567	2.28212
0.568	2.28626
0.569	2.29042
0.57	2.29458
0.571	2.29875
0.572	2.30294
0.573	2.30713
0.574	2.31133
0.575	2.31554
0.576	2.31976
0.577	2.324
0.578	2.32824
0.579	2.33249
0.58	2.33675
0.581	2.34102
0.582	2.34531
0.583	2.3496
0.584	2.3539
0.585	2.35821
0.586	2.36254
0.587	2.36687
0.588	2.37121
0.589	2.37557
0.59	2.37993
0.591	2.3843
0.592	2.38869
0.593	2.39308
0.594	2.39749
0.595	2.4019
0.596	2.40633
0.597	2.41077
0.598	2.41521
0.599	2.41967
0.6	2.42414
0.601	2.42862
0.602	2.43311
0.603	2.43761
0.604	2.44212
0.605	2.44664
0.606	2.45117
0.607	2.45571
0.608	2.46027
0.609	2.46483
0.61	2.4694
0.611	2.47399
0.612	2.47859
0.613	2.48319
0.614	2.48781
0.615	2.49244
0.616	2.49708
0.617	2.50173
0.618	2.5064
0.619	2.51107
0.62	2.51575
0.621	2.52045
0.622	2.52516
0.623	2.52987
0.624	2.5346
0.625	2.53934
0.626	2.54409
0.627	2.54886
0.628	2.55363
0.629	2.55842
0.63	2.56321
0.631	2.56802
0.632	2.57284
0.633	2.57767
0.634	2.58251
0.635	2.58737
0.636	2.59223
0.637	2.59711
0.638	2.602
0.639	2.6069
0.64	2.61181
0.641	2.61673
0.642	2.62167
0.643	2.62662
0.644	2.63157
0.645	2.63654
0.646	2.64153
0.647	2.64652
0.648	2.65153
0.649	2.65654
0.65	2.66157
0.651	2.66661
0.652	2.67167
0.653	2.67673
0.654	2.68181
0.655	2.6869
0.656	2.692
0.657	2.69712
0.658	2.70224
0.659	2.70738
0.66	2.71253
0.661	2.71769
0.662	2.72287
0.663	2.72806
0.664	2.73326
0.665	2.73847
0.666	2.74369
0.667	2.74893
0.668	2.75418
0.669	2.75944
0.67	2.76472
0.671	2.77
0.672	2.7753
0.673	2.78062
0.674	2.78594
0.675	2.79128
0.676	2.79663
0.677	2.80199
0.678	2.80737
0.679	2.81276
0.68	2.81816
0.681	2.82357
0.682	2.829
0.683	2.83444
0.684	2.83989
0.685	2.84536
0.686	2.85084
0.687	2.85633
0.688	2.86184
0.689	2.86736
0.69	2.87289
0.691	2.87843
0.692	2.88399
0.693	2.88956
0.694	2.89515
0.695	2.90075
0.696	2.90636
0.697	2.91198
0.698	2.91762
0.699	2.92328
0.7	2.92894
0.701	2.93462
0.702	2.94031
0.703	2.94602
0.704	2.95174
0.705	2.95747
0.706	2.96322
0.707	2.96898
0.708	2.97476
0.709	2.98055
0.71	2.98635
0.711	2.99217
0.712	2.998
0.713	3.00384
0.714	3.0097
0.715	3.01557
0.716	3.02146
0.717	3.02736
0.718	3.03327
0.719	3.0392
0.72	3.04515
0.721	3.0511
0.722	3.05708
0.723	3.06306
0.724	3.06906
0.725	3.07508
0.726	3.08111
0.727	3.08715
0.728	3.09321
0.729	3.09928
0.73	3.10537
0.731	3.11147
0.732	3.11759
0.733	3.12372
0.734	3.12987
0.735	3.13603
0.736	3.14221
0.737	3.1484
0.738	3.1546
0.739	3.16082
0.74	3.16706
0.741	3.17331
0.742	3.17957
0.743	3.18586
0.744	3.19215
0.745	3.19846
0.746	3.20479
0.747	3.21113
0.748	3.21749
0.749	3.22386
0.75	3.23025
0.751	3.23665
0.752	3.24307
0.753	3.2495
0.754	3.25595
0.755	3.26242
0.756	3.2689
0.757	3.27539
0.758	3.28191
0.759	3.28843
0.76	3.29498
0.761	3.30154
0.762	3.30811
0.763	3.3147
0.764	3.32131
0.765	3.32793
0.766	3.33457
0.767	3.34122
0.768	3.3479
0.769	3.35458
0.77	3.36129
0.771	3.36801
0.772	3.37474
0.773	3.38149
0.774	3.38826
0.775	3.39505
0.776	3.40185
0.777	3.40867
0.778	3.4155
0.779	3.42235
0.78	3.42922
0.781	3.4361
0.782	3.443
0.783	3.44992
0.784	3.45685
0.785	3.4638
0.786	3.47077
0.787	3.47776
0.788	3.48476
0.789	3.49178
0.79	3.49881
0.791	3.50587
0.792	3.51294
0.793	3.52002
0.794	3.52713
0.795	3.53425
0.796	3.54139
0.797	3.54855
0.798	3.55572
0.799	3.56291
0.8	3.57012
0.801	3.57734
0.802	3.58459
0.803	3.59185
0.804	3.59913
0.805	3.60643
0.806	3.61374
0.807	3.62107
0.808	3.62842
0.809	3.63579
0.81	3.64318
0.811	3.65058
0.812	3.658
0.813	3.66544
0.814	3.6729
0.815	3.68038
0.816	3.68787
0.817	3.69539
0.818	3.70292
0.819	3.71047
0.82	3.71804
0.821	3.72562
0.822	3.73323
0.823	3.74085
0.824	3.7485
0.825	3.75616
0.826	3.76384
0.827	3.77154
0.828	3.77925
0.829	3.78699
0.83	3.79475
0.831	3.80252
0.832	3.81031
0.833	3.81813
0.834	3.82596
0.835	3.83381
0.836	3.84168
0.837	3.84957
0.838	3.85748
0.839	3.8654
0.84	3.87335
0.841	3.88132
0.842	3.88931
0.843	3.89731
0.844	3.90534
0.845	3.91338
0.846	3.92145
0.847	3.92953
0.848	3.93764
0.849	3.94576
0.85	3.95391
0.851	3.96207
0.852	3.97026
0.853	3.97846
0.854	3.98669
0.855	3.99493
0.856	4.0032
0.857	4.01148
0.858	4.01979
0.859	4.02812
0.86	4.03646
0.861	4.04483
0.862	4.05322
0.863	4.06163
0.864	4.07006
0.865	4.07851
0.866	4.08698
0.867	4.09547
0.868	4.10399
0.869	4.11252
0.87	4.12108
0.871	4.12965
0.872	4.13825
0.873	4.14687
0.874	4.15551
0.875	4.16417
0.876	4.17285
0.877	4.18156
0.878	4.19028
0.879	4.19903
0.88	4.2078
0.881	4.21659
0.882	4.2254
0.883	4.23424
0.884	4.24309
0.885	4.25197
0.886	4.26087
0.887	4.26979
0.888	4.27874
0.889	4.2877
0.89	4.29669
0.891	4.3057
0.892	4.31474
0.893	4.32379
0.894	4.33287
0.895	4.34197
0.896	4.35109
0.897	4.36024
0.898	4.36941
0.899	4.3786
0.9	4.38781
0.901	4.39705
0.902	4.40631
0.903	4.41559
0.904	4.4249
0.905	4.43423
0.906	4.44358
0.907	4.45295
0.908	4.46235
0.909	4.47177
0.91	4.48122
0.911	4.49069
0.912	4.50018
0.913	4.5097
0.914	4.51924
0.915	4.5288
0.916	4.53839
0.917	4.548
0.918	4.55764
0.919	4.5673
0.92	4.57698
0.921	4.58669
0.922	4.59642
0.923	4.60618
0.924	4.61596
0.925	4.62576
0.926	4.63559
0.927	4.64545
0.928	4.65532
0.929	4.66523
0.93	4.67516
0.931	4.68511
0.932	4.69509
0.933	4.70509
0.934	4.71512
0.935	4.72517
0.936	4.73525
0.937	4.74535
0.938	4.75548
0.939	4.76564
0.94	4.77582
0.941	4.78602
0.942	4.79625
0.943	4.80651
0.944	4.81679
0.945	4.8271
0.946	4.83743
0.947	4.84779
0.948	4.85818
0.949	4.86859
0.95	4.87903
0.951	4.88949
0.952	4.89998
0.953	4.9105
0.954	4.92104
0.955	4.93161
0.956	4.94221
0.957	4.95283
0.958	4.96348
0.959	4.97416
0.96	4.98486
0.961	4.99559
0.962	5.00635
0.963	5.01713
0.964	5.02794
0.965	5.03878
0.966	5.04965
0.967	5.06054
0.968	5.07146
0.969	5.08241
0.97	5.09339
0.971	5.10439
0.972	5.11542
0.973	5.12648
0.974	5.13757
0.975	5.14869
0.976	5.15983
0.977	5.171
0.978	5.1822
0.979	5.19343
0.98	5.20469
0.981	5.21597
0.982	5.22729
0.983	5.23863
0.984	5.25
0.985	5.2614
0.986	5.27283
0.987	5.28429
0.988	5.29577
0.989	5.30729
0.99	5.31883
0.991	5.33041
0.992	5.34201
0.993	5.35365
0.994	5.36531
0.995	5.377
0.996	5.38872
0.997	5.40047
0.998	5.41226
0.999	5.42407
